Accuracy: 0.09
Precision: 0.05
Recall: 0.04351851851851852
F1 Score: 0.045370370370370366
