Accuracy: 0.73
Precision: 0.5855855855855856
Recall: 0.5780780780780781
F1 Score: 0.5807807807807808
